Estonia, Period fertility rates by calendar year and age (Lexis squares, age in completed years (ACY))
Last modified: 25/02/2021
Year    Age        ASFR
1959     12-    0.00000
1959     13     0.00000
1959     14     0.00014
1959     15     0.00014
1959     16     0.00145
1959     17     0.01140
1959     18     0.02460
1959     19     0.05761
1959     20     0.09170
1959     21     0.11476
1959     22     0.13347
1959     23     0.13983
1959     24     0.13335
1959     25     0.13549
1959     26     0.13205
1959     27     0.11716
1959     28     0.11539
1959     29     0.09951
1959     30     0.08987
1959     31     0.07579
1959     32     0.07396
1959     33     0.06657
1959     34     0.06064
1959     35     0.05270
1959     36     0.04396
1959     37     0.04321
1959     38     0.03728
1959     39     0.02804
1959     40     0.02504
1959     41     0.01443
1959     42     0.01139
1959     43     0.00735
1959     44     0.00484
1959     45     0.00200
1959     46     0.00141
1959     47     0.00055
1959     48     0.00000
1959     49     0.00011
1959     50     0.00000
1959     51     0.00000
1959     52     0.00011
1959     53     0.00000
1959     54     0.00000
1959     55+    0.00000
1960     12-    0.00000
1960     13     0.00000
1960     14     0.00000
1960     15     0.00042
1960     16     0.00171
1960     17     0.00866
1960     18     0.02991
1960     19     0.06001
1960     20     0.10073
1960     21     0.11563
1960     22     0.13206
1960     23     0.14195
1960     24     0.14368
1960     25     0.14166
1960     26     0.12388
1960     27     0.12006
1960     28     0.11193
1960     29     0.10185
1960     30     0.09486
1960     31     0.08245
1960     32     0.07313
1960     33     0.06305
1960     34     0.05876
1960     35     0.05462
1960     36     0.04205
1960     37     0.03952
1960     38     0.03636
1960     39     0.02813
1960     40     0.02354
1960     41     0.01809
1960     42     0.00920
1960     43     0.00863
1960     44     0.00362
1960     45     0.00242
1960     46     0.00111
1960     47     0.00055
1960     48     0.00011
1960     49     0.00032
1960     50     0.00000
1960     51     0.00000
1960     52     0.00000
1960     53     0.00000
1960     54     0.00000
1960     55+    0.00000
1961     12-    0.00000
1961     13     0.00000
1961     14     0.00011
1961     15     0.00038
1961     16     0.00208
1961     17     0.01067
1961     18     0.02718
1961     19     0.06739
1961     20     0.09798
1961     21     0.12171
1961     22     0.13776
1961     23     0.14588
1961     24     0.14871
1961     25     0.14284
1961     26     0.13061
1961     27     0.12064
1961     28     0.11220
1961     29     0.10018
1961     30     0.09409
1961     31     0.07923
1961     32     0.07155
1961     33     0.06820
1961     34     0.05097
1961     35     0.05116
1961     36     0.04535
1961     37     0.03766
1961     38     0.03262
1961     39     0.02681
1961     40     0.01866
1961     41     0.01352
1961     42     0.01116
1961     43     0.00725
1961     44     0.00392
1961     45     0.00210
1961     46     0.00109
1961     47     0.00011
1961     48     0.00033
1961     49     0.00011
1961     50     0.00011
1961     51     0.00000
1961     52     0.00000
1961     53     0.00000
1961     54     0.00000
1961     55+    0.00000
1962     12-    0.00000
1962     13     0.00000
1962     14     0.00000
1962     15     0.00033
1962     16     0.00384
1962     17     0.01178
1962     18     0.03357
1962     19     0.05962
1962     20     0.10367
1962     21     0.12040
1962     22     0.14411
1962     23     0.14615
1962     24     0.14835
1962     25     0.13938
1962     26     0.13283
1962     27     0.12120
1962     28     0.10694
1962     29     0.09478
1962     30     0.09188
1962     31     0.08457
1962     32     0.06858
1962     33     0.06237
1962     34     0.05525
1962     35     0.04624
1962     36     0.04058
1962     37     0.03647
1962     38     0.02757
1962     39     0.02492
1962     40     0.02105
1962     41     0.01363
1962     42     0.01062
1962     43     0.00667
1962     44     0.00348
1962     45     0.00278
1962     46     0.00042
1962     47     0.00060
1962     48     0.00011
1962     49     0.00011
1962     50     0.00000
1962     51     0.00011
1962     52     0.00000
1962     53     0.00000
1962     54     0.00011
1962     55+    0.00000
1963     12-    0.00000
1963     13     0.00000
1963     14     0.00000
1963     15     0.00022
1963     16     0.00392
1963     17     0.00981
1963     18     0.03363
1963     19     0.06541
1963     20     0.08857
1963     21     0.12511
1963     22     0.13582
1963     23     0.14217
1963     24     0.13891
1963     25     0.13711
1963     26     0.13117
1963     27     0.12209
1963     28     0.11076
1963     29     0.09356
1963     30     0.08906
1963     31     0.07475
1963     32     0.07419
1963     33     0.06191
1963     34     0.05312
1963     35     0.04686
1963     36     0.03843
1963     37     0.03320
1963     38     0.02558
1963     39     0.02253
1963     40     0.01776
1963     41     0.01352
1963     42     0.00881
1963     43     0.00652
1963     44     0.00286
1963     45     0.00273
1963     46     0.00065
1963     47     0.00056
1963     48     0.00012
1963     49     0.00011
1963     50     0.00011
1963     51     0.00011
1963     52     0.00000
1963     53     0.00000
1963     54     0.00000
1963     55+    0.00000
1964     12-    0.00000
1964     13     0.00000
1964     14     0.00011
1964     15     0.00030
1964     16     0.00205
1964     17     0.01013
1964     18     0.03623
1964     19     0.07019
1964     20     0.10211
1964     21     0.12350
1964     22     0.14622
1964     23     0.14823
1964     24     0.14590
1964     25     0.14522
1964     26     0.13172
1964     27     0.11796
1964     28     0.11177
1964     29     0.10420
1964     30     0.08832
1964     31     0.08302
1964     32     0.07060
1964     33     0.06198
1964     34     0.05138
1964     35     0.04387
1964     36     0.04005
1964     37     0.03473
1964     38     0.02707
1964     39     0.02235
1964     40     0.01620
1964     41     0.01247
1964     42     0.00889
1964     43     0.00663
1964     44     0.00374
1964     45     0.00164
1964     46     0.00061
1964     47     0.00000
1964     48     0.00014
1964     49     0.00012
1964     50     0.00000
1964     51     0.00000
1964     52     0.00000
1964     53     0.00011
1964     54     0.00000
1964     55+    0.00000
1965     12-    0.00000
1965     13     0.00000
1965     14     0.00000
1965     15     0.00043
1965     16     0.00199
1965     17     0.00889
1965     18     0.03914
1965     19     0.07094
1965     20     0.10267
1965     21     0.12547
1965     22     0.12754
1965     23     0.15081
1965     24     0.14893
1965     25     0.13928
1965     26     0.12768
1965     27     0.12127
1965     28     0.10548
1965     29     0.09678
1965     30     0.08391
1965     31     0.07805
1965     32     0.06982
1965     33     0.06042
1965     34     0.05052
1965     35     0.04389
1965     36     0.03572
1965     37     0.02938
1965     38     0.02496
1965     39     0.02144
1965     40     0.01710
1965     41     0.01087
1965     42     0.00811
1965     43     0.00548
1965     44     0.00479
1965     45     0.00147
1965     46     0.00096
1965     47     0.00030
1965     48     0.00000
1965     49     0.00014
1965     50     0.00000
1965     51     0.00000
1965     52     0.00000
1965     53     0.00000
1965     54     0.00000
1965     55+    0.00000
1966     12-    0.00000
1966     13     0.00000
1966     14     0.00000
1966     15     0.00064
1966     16     0.00275
1966     17     0.01096
1966     18     0.03118
1966     19     0.07271
1966     20     0.10512
1966     21     0.12304
1966     22     0.13678
1966     23     0.13393
1966     24     0.14885
1966     25     0.13291
1966     26     0.12650
1966     27     0.11392
1966     28     0.10627
1966     29     0.09896
1966     30     0.09212
1966     31     0.08100
1966     32     0.06399
1966     33     0.06167
1966     34     0.05393
1966     35     0.04309
1966     36     0.03591
1966     37     0.02949
1966     38     0.02335
1966     39     0.01977
1966     40     0.01625
1966     41     0.01121
1966     42     0.00756
1966     43     0.00631
1966     44     0.00383
1966     45     0.00223
1966     46     0.00107
1966     47     0.00041
1966     48     0.00000
1966     49     0.00000
1966     50     0.00000
1966     51     0.00000
1966     52     0.00011
1966     53     0.00000
1966     54     0.00000
1966     55+    0.00000
1967     12-    0.00000
1967     13     0.00000
1967     14     0.00000
1967     15     0.00042
1967     16     0.00232
1967     17     0.01426
1967     18     0.03044
1967     19     0.06650
1967     20     0.11741
1967     21     0.12819
1967     22     0.14328
1967     23     0.14796
1967     24     0.13009
1967     25     0.14785
1967     26     0.12717
1967     27     0.11786
1967     28     0.10972
1967     29     0.09593
1967     30     0.08743
1967     31     0.08081
1967     32     0.06955
1967     33     0.05481
1967     34     0.04948
1967     35     0.04063
1967     36     0.03797
1967     37     0.02771
1967     38     0.02144
1967     39     0.01768
1967     40     0.01637
1967     41     0.01076
1967     42     0.00661
1967     43     0.00397
1967     44     0.00211
1967     45     0.00259
1967     46     0.00094
1967     47     0.00040
1967     48     0.00027
1967     49     0.00000
1967     50     0.00000
1967     51     0.00000
1967     52     0.00000
1967     53     0.00000
1967     54     0.00000
1967     55+    0.00000
1968     12-    0.00000
1968     13     0.00000
1968     14     0.00032
1968     15     0.00042
1968     16     0.00375
1968     17     0.00996
1968     18     0.03963
1968     19     0.08113
1968     20     0.11660
1968     21     0.14417
1968     22     0.15063
1968     23     0.15435
1968     24     0.15361
1968     25     0.14800
1968     26     0.14362
1968     27     0.12100
1968     28     0.11262
1968     29     0.10136
1968     30     0.08662
1968     31     0.08035
1968     32     0.06967
1968     33     0.06460
1968     34     0.05494
1968     35     0.04455
1968     36     0.03567
1968     37     0.02658
1968     38     0.02368
1968     39     0.01695
1968     40     0.01437
1968     41     0.00889
1968     42     0.00661
1968     43     0.00487
1968     44     0.00287
1968     45     0.00183
1968     46     0.00073
1968     47     0.00012
1968     48     0.00014
1968     49     0.00000
1968     50     0.00000
1968     51     0.00000
1968     52     0.00000
1968     53     0.00000
1968     54     0.00000
1968     55+    0.00000
1969     12-    0.00000
1969     13     0.00000
1969     14     0.00000
1969     15     0.00032
1969     16     0.00232
1969     17     0.01278
1969     18     0.03941
1969     19     0.08269
1969     20     0.13328
1969     21     0.15173
1969     22     0.16979
1969     23     0.16057
1969     24     0.15420
1969     25     0.16271
1969     26     0.13758
1969     27     0.13572
1969     28     0.11412
1969     29     0.10775
1969     30     0.09758
1969     31     0.08293
1969     32     0.06709
1969     33     0.06557
1969     34     0.05519
1969     35     0.04556
1969     36     0.03483
1969     37     0.03056
1969     38     0.02434
1969     39     0.01731
1969     40     0.01479
1969     41     0.00975
1969     42     0.00613
1969     43     0.00427
1969     44     0.00331
1969     45     0.00120
1969     46     0.00068
1969     47     0.00010
1969     48     0.00012
1969     49     0.00000
1969     50     0.00000
1969     51     0.00000
1969     52     0.00000
1969     53     0.00000
1969     54     0.00000
1969     55+    0.00000
1970     12-    0.00000
1970     13     0.00000
1970     14     0.00010
1970     15     0.00059
1970     16     0.00461
1970     17     0.01345
1970     18     0.04716
1970     19     0.09687
1970     20     0.13864
1970     21     0.16809
1970     22     0.16857
1970     23     0.17398
1970     24     0.15755
1970     25     0.15119
1970     26     0.14788
1970     27     0.12898
1970     28     0.12790
1970     29     0.10807
1970     30     0.09426
1970     31     0.07978
1970     32     0.07511
1970     33     0.06306
1970     34     0.05366
1970     35     0.04112
1970     36     0.03472
1970     37     0.03212
1970     38     0.02365
1970     39     0.01913
1970     40     0.01272
1970     41     0.01007
1970     42     0.00617
1970     43     0.00312
1970     44     0.00309
1970     45     0.00120
1970     46     0.00065
1970     47     0.00048
1970     48     0.00010
1970     49     0.00000
1970     50     0.00000
1970     51     0.00000
1970     52     0.00000
1970     53     0.00000
1970     54     0.00000
1970     55+    0.00000
1971     12-    0.00000
1971     13     0.00000
1971     14     0.00041
1971     15     0.00079
1971     16     0.00416
1971     17     0.01766
1971     18     0.04620
1971     19     0.09632
1971     20     0.14112
1971     21     0.17333
1971     22     0.18005
1971     23     0.17205
1971     24     0.17549
1971     25     0.15346
1971     26     0.13952
1971     27     0.13991
1971     28     0.11393
1971     29     0.11779
1971     30     0.09436
1971     31     0.08637
1971     32     0.07012
1971     33     0.06182
1971     34     0.05280
1971     35     0.04469
1971     36     0.03889
1971     37     0.03318
1971     38     0.02300
1971     39     0.01948
1971     40     0.01313
1971     41     0.00897
1971     42     0.00765
1971     43     0.00322
1971     44     0.00187
1971     45     0.00118
1971     46     0.00074
1971     47     0.00019
1971     48     0.00000
1971     49     0.00000
1971     50     0.00000
1971     51     0.00000
1971     52     0.00000
1971     53     0.00000
1971     54     0.00000
1971     55+    0.00000
1972     12-    0.00000
1972     13     0.00000
1972     14     0.00010
1972     15     0.00091
1972     16     0.00475
1972     17     0.01739
1972     18     0.04897
1972     19     0.09039
1972     20     0.14442
1972     21     0.16840
1972     22     0.18589
1972     23     0.17061
1972     24     0.16335
1972     25     0.15178
1972     26     0.13812
1972     27     0.12689
1972     28     0.11318
1972     29     0.09820
1972     30     0.09748
1972     31     0.08159
1972     32     0.06976
1972     33     0.05680
1972     34     0.05215
1972     35     0.04672
1972     36     0.04216
1972     37     0.02807
1972     38     0.02307
1972     39     0.02018
1972     40     0.01306
1972     41     0.00915
1972     42     0.00634
1972     43     0.00348
1972     44     0.00096
1972     45     0.00143
1972     46     0.00046
1972     47     0.00018
1972     48     0.00019
1972     49     0.00010
1972     50     0.00000
1972     51     0.00000
1972     52     0.00000
1972     53     0.00000
1972     54     0.00000
1972     55+    0.00000
1973     12-    0.00010
1973     13     0.00000
1973     14     0.00029
1973     15     0.00050
1973     16     0.00341
1973     17     0.01623
1973     18     0.04552
1973     19     0.09026
1973     20     0.13537
1973     21     0.16786
1973     22     0.17478
1973     23     0.17221
1973     24     0.16270
1973     25     0.14387
1973     26     0.13042
1973     27     0.11997
1973     28     0.11588
1973     29     0.09633
1973     30     0.07935
1973     31     0.08530
1973     32     0.06573
1973     33     0.05335
1973     34     0.05248
1973     35     0.04383
1973     36     0.03812
1973     37     0.03035
1973     38     0.02216
1973     39     0.01540
1973     40     0.01257
1973     41     0.00913
1973     42     0.00641
1973     43     0.00442
1973     44     0.00244
1973     45     0.00061
1973     46     0.00054
1973     47     0.00027
1973     48     0.00000
1973     49     0.00000
1973     50     0.00000
1973     51     0.00000
1973     52     0.00000
1973     53     0.00000
1973     54     0.00000
1973     55+    0.00000
1974     12-    0.00000
1974     13     0.00000
1974     14     0.00010
1974     15     0.00078
1974     16     0.00435
1974     17     0.01676
1974     18     0.04552
1974     19     0.09610
1974     20     0.14764
1974     21     0.16855
1974     22     0.17931
1974     23     0.17032
1974     24     0.16187
1974     25     0.15062
1974     26     0.13145
1974     27     0.11833
1974     28     0.10030
1974     29     0.09668
1974     30     0.08353
1974     31     0.06908
1974     32     0.06770
1974     33     0.05470
1974     34     0.04740
1974     35     0.04291
1974     36     0.03292
1974     37     0.02877
1974     38     0.01942
1974     39     0.01836
1974     40     0.01167
1974     41     0.00863
1974     42     0.00699
1974     43     0.00392
1974     44     0.00204
1974     45     0.00113
1974     46     0.00096
1974     47     0.00009
1974     48     0.00000
1974     49     0.00000
1974     50     0.00000
1974     51     0.00000
1974     52     0.00000
1974     53     0.00000
1974     54     0.00000
1974     55+    0.00000
1975     12-    0.00000
1975     13     0.00000
1975     14     0.00010
1975     15     0.00098
1975     16     0.00512
1975     17     0.01618
1975     18     0.04779
1975     19     0.10079
1975     20     0.14381
1975     21     0.17228
1975     22     0.16567
1975     23     0.16728
1975     24     0.15987
1975     25     0.14553
1975     26     0.13671
1975     27     0.11505
1975     28     0.10667
1975     29     0.09189
1975     30     0.08141
1975     31     0.06665
1975     32     0.06057
1975     33     0.05677
1975     34     0.04295
1975     35     0.03751
1975     36     0.03271
1975     37     0.02626
1975     38     0.01764
1975     39     0.01639
1975     40     0.01247
1975     41     0.00824
1975     42     0.00600
1975     43     0.00341
1975     44     0.00179
1975     45     0.00142
1975     46     0.00026
1975     47     0.00009
1975     48     0.00000
1975     49     0.00000
1975     50     0.00000
1975     51     0.00000
1975     52     0.00000
1975     53     0.00000
1975     54     0.00000
1975     55+    0.00000
1976     12-    0.00000
1976     13     0.00000
1976     14     0.00010
1976     15     0.00127
1976     16     0.00576
1976     17     0.01722
1976     18     0.05283
1976     19     0.10237
1976     20     0.15397
1976     21     0.16386
1976     22     0.17245
1976     23     0.17043
1976     24     0.16192
1976     25     0.14060
1976     26     0.13516
1976     27     0.12130
1976     28     0.09830
1976     29     0.09017
1976     30     0.08144
1976     31     0.07085
1976     32     0.05846
1976     33     0.04940
1976     34     0.04711
1976     35     0.04018
1976     36     0.03340
1976     37     0.02471
1976     38     0.01896
1976     39     0.01360
1976     40     0.01151
1976     41     0.00948
1976     42     0.00442
1976     43     0.00375
1976     44     0.00225
1976     45     0.00045
1976     46     0.00018
1976     47     0.00000
1976     48     0.00000
1976     49     0.00000
1976     50     0.00000
1976     51     0.00000
1976     52     0.00000
1976     53     0.00000
1976     54     0.00000
1976     55+    0.00000
1977     12-    0.00000
1977     13     0.00021
1977     14     0.00010
1977     15     0.00049
1977     16     0.00519
1977     17     0.02077
1977     18     0.05312
1977     19     0.11003
1977     20     0.15056
1977     21     0.17591
1977     22     0.17053
1977     23     0.16858
1977     24     0.15548
1977     25     0.15002
1977     26     0.13305
1977     27     0.11630
1977     28     0.09894
1977     29     0.08586
1977     30     0.08084
1977     31     0.06429
1977     32     0.06015
1977     33     0.05217
1977     34     0.04166
1977     35     0.03823
1977     36     0.03109
1977     37     0.02841
1977     38     0.01803
1977     39     0.01348
1977     40     0.01036
1977     41     0.00757
1977     42     0.00549
1977     43     0.00302
1977     44     0.00160
1977     45     0.00081
1977     46     0.00027
1977     47     0.00027
1977     48     0.00000
1977     49     0.00000
1977     50     0.00000
1977     51     0.00000
1977     52     0.00000
1977     53     0.00000
1977     54     0.00000
1977     55+    0.00000
1978     12-    0.00000
1978     13     0.00000
1978     14     0.00021
1978     15     0.00143
1978     16     0.00607
1978     17     0.02057
1978     18     0.05604
1978     19     0.10948
1978     20     0.16503
1978     21     0.17601
1978     22     0.17040
1978     23     0.16391
1978     24     0.15528
1978     25     0.14499
1978     26     0.12691
1978     27     0.10953
1978     28     0.09549
1978     29     0.08666
1978     30     0.07261
1978     31     0.06517
1978     32     0.05236
1978     33     0.04578
1978     34     0.04115
1978     35     0.03477
1978     36     0.03024
1978     37     0.02329
1978     38     0.01937
1978     39     0.01414
1978     40     0.00989
1978     41     0.00678
1978     42     0.00561
1978     43     0.00350
1978     44     0.00161
1978     45     0.00122
1978     46     0.00036
1978     47     0.00009
1978     48     0.00000
1978     49     0.00000
1978     50     0.00000
1978     51     0.00000
1978     52     0.00000
1978     53     0.00000
1978     54     0.00000
1978     55+    0.00000
1979     12-    0.00000
1979     13     0.00000
1979     14     0.00021
1979     15     0.00123
1979     16     0.00690
1979     17     0.02204
1979     18     0.05851
1979     19     0.11969
1979     20     0.16114
1979     21     0.17146
1979     22     0.18142
1979     23     0.17098
1979     24     0.14756
1979     25     0.13942
1979     26     0.12327
1979     27     0.11054
1979     28     0.09522
1979     29     0.08781
1979     30     0.07408
1979     31     0.05932
1979     32     0.05304
1979     33     0.04402
1979     34     0.03828
1979     35     0.03368
1979     36     0.02821
1979     37     0.02442
1979     38     0.01954
1979     39     0.01362
1979     40     0.01027
1979     41     0.00694
1979     42     0.00443
1979     43     0.00262
1979     44     0.00130
1979     45     0.00050
1979     46     0.00057
1979     47     0.00018
1979     48     0.00000
1979     49     0.00000
1979     50     0.00000
1979     51     0.00000
1979     52     0.00000
1979     53     0.00000
1979     54     0.00000
1979     55+    0.00000
1980     12-    0.00000
1980     13     0.00001
1980     14     0.00012
1980     15     0.00120
1980     16     0.00577
1980     17     0.02419
1980     18     0.05756
1980     19     0.12304
1980     20     0.17139
1980     21     0.18347
1980     22     0.18620
1980     23     0.16972
1980     24     0.15902
1980     25     0.14029
1980     26     0.12610
1980     27     0.10527
1980     28     0.09276
1980     29     0.08198
1980     30     0.07116
1980     31     0.05900
1980     32     0.05331
1980     33     0.04599
1980     34     0.03612
1980     35     0.03286
1980     36     0.02688
1980     37     0.01996
1980     38     0.01734
1980     39     0.01235
1980     40     0.01129
1980     41     0.00687
1980     42     0.00322
1980     43     0.00357
1980     44     0.00150
1980     45     0.00060
1980     46     0.00000
1980     47     0.00009
1980     48     0.00000
1980     49     0.00000
1980     50     0.00000
1980     51     0.00000
1980     52     0.00000
1980     53     0.00000
1980     54     0.00000
1980     55+    0.00000
1981     12-    0.00000
1981     13     0.00001
1981     14     0.00017
1981     15     0.00140
1981     16     0.00507
1981     17     0.02019
1981     18     0.06208
1981     19     0.12146
1981     20     0.16650
1981     21     0.19073
1981     22     0.19068
1981     23     0.17263
1981     24     0.15725
1981     25     0.14941
1981     26     0.12736
1981     27     0.11266
1981     28     0.09664
1981     29     0.09174
1981     30     0.07793
1981     31     0.06302
1981     32     0.05697
1981     33     0.04439
1981     34     0.04018
1981     35     0.03299
1981     36     0.02539
1981     37     0.02450
1981     38     0.01931
1981     39     0.01176
1981     40     0.00792
1981     41     0.00661
1981     42     0.00499
1981     43     0.00204
1981     44     0.00131
1981     45     0.00094
1981     46     0.00040
1981     47     0.00030
1981     48     0.00028
1981     49     0.00000
1981     50     0.00000
1981     51     0.00000
1981     52     0.00000
1981     53     0.00000
1981     54     0.00000
1981     55+    0.00000
1982     12-    0.00000
1982     13     0.00000
1982     14     0.00009
1982     15     0.00105
1982     16     0.00690
1982     17     0.01988
1982     18     0.05304
1982     19     0.11150
1982     20     0.15951
1982     21     0.18477
1982     22     0.19710
1982     23     0.17558
1982     24     0.16745
1982     25     0.14735
1982     26     0.13209
1982     27     0.11664
1982     28     0.10623
1982     29     0.08228
1982     30     0.07342
1982     31     0.06734
1982     32     0.05499
1982     33     0.04823
1982     34     0.04016
1982     35     0.03484
1982     36     0.03061
1982     37     0.02482
1982     38     0.01937
1982     39     0.01399
1982     40     0.00962
1982     41     0.00668
1982     42     0.00508
1982     43     0.00276
1982     44     0.00111
1982     45     0.00105
1982     46     0.00019
1982     47     0.00030
1982     48     0.00000
1982     49     0.00000
1982     50     0.00000
1982     51     0.00000
1982     52     0.00000
1982     53     0.00000
1982     54     0.00000
1982     55+    0.00000
1983     12-    0.00000
1983     13     0.00001
1983     14     0.00010
1983     15     0.00111
1983     16     0.00604
1983     17     0.02303
1983     18     0.05427
1983     19     0.10754
1983     20     0.15757
1983     21     0.18005
1983     22     0.19512
1983     23     0.19423
1983     24     0.17339
1983     25     0.15882
1983     26     0.14221
1983     27     0.12417
1983     28     0.10460
1983     29     0.09078
1983     30     0.08313
1983     31     0.07686
1983     32     0.06034
1983     33     0.05164
1983     34     0.04679
1983     35     0.03316
1983     36     0.02847
1983     37     0.02509
1983     38     0.01669
1983     39     0.01398
1983     40     0.01139
1983     41     0.00673
1983     42     0.00401
1983     43     0.00327
1983     44     0.00113
1983     45     0.00077
1983     46     0.00026
1983     47     0.00038
1983     48     0.00010
1983     49     0.00000
1983     50     0.00000
1983     51     0.00000
1983     52     0.00000
1983     53     0.00000
1983     54     0.00000
1983     55+    0.00000
1984     12-    0.00000
1984     13     0.00000
1984     14     0.00004
1984     15     0.00055
1984     16     0.00623
1984     17     0.02398
1984     18     0.06123
1984     19     0.11712
1984     20     0.15433
1984     21     0.19391
1984     22     0.19236
1984     23     0.18462
1984     24     0.18086
1984     25     0.15273
1984     26     0.14483
1984     27     0.12081
1984     28     0.10302
1984     29     0.09418
1984     30     0.07921
1984     31     0.06639
1984     32     0.05831
1984     33     0.05296
1984     34     0.04576
1984     35     0.03965
1984     36     0.02765
1984     37     0.02510
1984     38     0.01925
1984     39     0.01306
1984     40     0.01042
1984     41     0.00570
1984     42     0.00337
1984     43     0.00205
1984     44     0.00146
1984     45     0.00096
1984     46     0.00017
1984     47     0.00018
1984     48     0.00000
1984     49     0.00000
1984     50     0.00000
1984     51     0.00000
1984     52     0.00000
1984     53     0.00000
1984     54     0.00000
1984     55+    0.00000
1985     12-    0.00000
1985     13     0.00001
1985     14     0.00008
1985     15     0.00096
1985     16     0.00622
1985     17     0.02632
1985     18     0.06517
1985     19     0.12123
1985     20     0.15808
1985     21     0.17811
1985     22     0.18165
1985     23     0.17999
1985     24     0.17072
1985     25     0.15666
1985     26     0.13448
1985     27     0.11546
1985     28     0.10924
1985     29     0.08928
1985     30     0.07951
1985     31     0.06474
1985     32     0.05705
1985     33     0.04944
1985     34     0.03968
1985     35     0.04016
1985     36     0.02891
1985     37     0.02140
1985     38     0.01791
1985     39     0.01298
1985     40     0.01003
1985     41     0.00610
1985     42     0.00423
1985     43     0.00225
1985     44     0.00125
1985     45     0.00055
1985     46     0.00026
1985     47     0.00017
1985     48     0.00000
1985     49     0.00000
1985     50     0.00002
1985     51     0.00004
1985     52     0.00003
1985     53     0.00001
1985     54     0.00000
1985     55+    0.00000
1986     12-    0.00000
1986     13     0.00001
1986     14     0.00015
1986     15     0.00136
1986     16     0.00592
1986     17     0.02716
1986     18     0.06194
1986     19     0.12069
1986     20     0.16543
1986     21     0.18677
1986     22     0.18493
1986     23     0.18725
1986     24     0.16741
1986     25     0.15389
1986     26     0.13540
1986     27     0.11564
1986     28     0.10659
1986     29     0.09399
1986     30     0.08040
1986     31     0.07251
1986     32     0.05846
1986     33     0.05280
1986     34     0.04647
1986     35     0.03876
1986     36     0.03069
1986     37     0.02413
1986     38     0.01828
1986     39     0.01324
1986     40     0.01147
1986     41     0.00747
1986     42     0.00487
1986     43     0.00240
1986     44     0.00037
1986     45     0.00045
1986     46     0.00018
1986     47     0.00000
1986     48     0.00009
1986     49     0.00000
1986     50     0.00000
1986     51     0.00000
1986     52     0.00000
1986     53     0.00000
1986     54     0.00000
1986     55+    0.00000
1987     12-    0.00000
1987     13     0.00000
1987     14     0.00004
1987     15     0.00060
1987     16     0.00703
1987     17     0.02297
1987     18     0.06426
1987     19     0.13197
1987     20     0.16498
1987     21     0.19303
1987     22     0.19999
1987     23     0.19253
1987     24     0.17624
1987     25     0.16017
1987     26     0.14015
1987     27     0.13475
1987     28     0.10469
1987     29     0.09663
1987     30     0.09059
1987     31     0.07601
1987     32     0.05630
1987     33     0.05285
1987     34     0.04499
1987     35     0.04181
1987     36     0.03039
1987     37     0.02679
1987     38     0.01944
1987     39     0.01608
1987     40     0.00952
1987     41     0.00704
1987     42     0.00442
1987     43     0.00276
1987     44     0.00103
1987     45     0.00056
1987     46     0.00036
1987     47     0.00000
1987     48     0.00000
1987     49     0.00000
1987     50     0.00000
1987     51     0.00000
1987     52     0.00000
1987     53     0.00000
1987     54     0.00000
1987     55+    0.00000
1988     12-    0.00000
1988     13     0.00001
1988     14     0.00009
1988     15     0.00092
1988     16     0.00506
1988     17     0.02391
1988     18     0.06601
1988     19     0.12937
1988     20     0.17981
1988     21     0.19504
1988     22     0.19655
1988     23     0.18608
1988     24     0.16942
1988     25     0.15748
1988     26     0.13955
1988     27     0.12630
1988     28     0.11306
1988     29     0.09770
1988     30     0.08809
1988     31     0.07661
1988     32     0.06119
1988     33     0.05658
1988     34     0.04609
1988     35     0.03714
1988     36     0.03131
1988     37     0.02542
1988     38     0.02035
1988     39     0.01567
1988     40     0.01186
1988     41     0.00812
1988     42     0.00509
1988     43     0.00357
1988     44     0.00050
1988     45     0.00046
1988     46     0.00028
1988     47     0.00000
1988     48     0.00028
1988     49     0.00000
1988     50     0.00000
1988     51     0.00000
1988     52     0.00000
1988     53     0.00000
1988     54     0.00000
1988     55+    0.00000
1989     12-    0.00000
1989     13     0.00018
1989     14     0.00009
1989     15     0.00205
1989     16     0.01217
1989     17     0.03387
1989     18     0.08479
1989     19     0.13662
1989     20     0.17511
1989     21     0.18996
1989     22     0.17706
1989     23     0.17827
1989     24     0.17158
1989     25     0.14803
1989     26     0.13327
1989     27     0.12092
1989     28     0.10719
1989     29     0.09462
1989     30     0.08192
1989     31     0.06802
1989     32     0.05793
1989     33     0.05099
1989     34     0.04404
1989     35     0.03659
1989     36     0.03038
1989     37     0.02512
1989     38     0.01891
1989     39     0.01546
1989     40     0.00889
1989     41     0.00625
1989     42     0.00486
1989     43     0.00173
1989     44     0.00074
1989     45     0.00050
1989     46     0.00000
1989     47     0.00000
1989     48     0.00000
1989     49     0.00000
1989     50     0.00000
1989     51     0.00000
1989     52     0.00000
1989     53     0.00000
1989     54     0.00000
1989     55+    0.00000
1990     12-    0.00000
1990     13     0.00009
1990     14     0.00009
1990     15     0.00224
1990     16     0.01268
1990     17     0.03963
1990     18     0.08802
1990     19     0.13316
1990     20     0.16713
1990     21     0.17719
1990     22     0.16918
1990     23     0.16469
1990     24     0.14501
1990     25     0.13320
1990     26     0.11976
1990     27     0.10826
1990     28     0.09199
1990     29     0.08150
1990     30     0.06767
1990     31     0.06301
1990     32     0.05681
1990     33     0.04918
1990     34     0.03983
1990     35     0.03399
1990     36     0.02827
1990     37     0.02118
1990     38     0.01701
1990     39     0.01395
1990     40     0.00959
1990     41     0.00597
1990     42     0.00360
1990     43     0.00262
1990     44     0.00152
1990     45     0.00074
1990     46     0.00013
1990     47     0.00012
1990     48     0.00019
1990     49     0.00000
1990     50     0.00000
1990     51     0.00000
1990     52     0.00000
1990     53     0.00000
1990     54     0.00000
1990     55+    0.00000
1991     12-    0.00000
1991     13     0.00018
1991     14     0.00046
1991     15     0.00268
1991     16     0.01422
1991     17     0.04058
1991     18     0.08656
1991     19     0.12477
1991     20     0.15925
1991     21     0.16004
1991     22     0.15311
1991     23     0.14197
1991     24     0.12946
1991     25     0.10688
1991     26     0.10409
1991     27     0.08865
1991     28     0.07957
1991     29     0.06903
1991     30     0.05932
1991     31     0.05201
1991     32     0.04191
1991     33     0.03787
1991     34     0.03198
1991     35     0.02796
1991     36     0.02443
1991     37     0.01751
1991     38     0.01626
1991     39     0.01053
1991     40     0.00793
1991     41     0.00522
1991     42     0.00372
1991     43     0.00167
1991     44     0.00094
1991     45     0.00044
1991     46     0.00037
1991     47     0.00000
1991     48     0.00000
1991     49     0.00000
1991     50     0.00000
1991     51     0.00000
1991     52     0.00000
1991     53     0.00000
1991     54     0.00000
1991     55+    0.00000
1992     12-    0.00000
1992     13     0.00000
1992     14     0.00075
1992     15     0.00283
1992     16     0.01315
1992     17     0.03945
1992     18     0.07765
1992     19     0.12061
1992     20     0.14717
1992     21     0.14922
1992     22     0.14308
1992     23     0.13810
1992     24     0.12122
1992     25     0.11087
1992     26     0.09898
1992     27     0.08054
1992     28     0.07093
1992     29     0.06325
1992     30     0.05671
1992     31     0.05220
1992     32     0.04255
1992     33     0.03604
1992     34     0.02994
1992     35     0.02566
1992     36     0.02109
1992     37     0.01839
1992     38     0.01451
1992     39     0.01116
1992     40     0.00778
1992     41     0.00551
1992     42     0.00351
1992     43     0.00232
1992     44     0.00104
1992     45     0.00029
1992     46     0.00000
1992     47     0.00013
1992     48     0.00000
1992     49     0.00000
1992     50     0.00000
1992     51     0.00000
1992     52     0.00000
1992     53     0.00000
1992     54     0.00000
1992     55+    0.00000
1993     12-    0.00000
1993     13     0.00000
1993     14     0.00010
1993     15     0.00254
1993     16     0.01435
1993     17     0.03382
1993     18     0.06815
1993     19     0.10283
1993     20     0.12256
1993     21     0.11721
1993     22     0.12033
1993     23     0.12027
1993     24     0.11090
1993     25     0.10014
1993     26     0.09010
1993     27     0.07993
1993     28     0.06920
1993     29     0.06120
1993     30     0.04909
1993     31     0.03955
1993     32     0.03524
1993     33     0.03089
1993     34     0.02440
1993     35     0.02143
1993     36     0.01697
1993     37     0.01463
1993     38     0.01288
1993     39     0.01007
1993     40     0.00571
1993     41     0.00431
1993     42     0.00319
1993     43     0.00102
1993     44     0.00141
1993     45     0.00067
1993     46     0.00019
1993     47     0.00000
1993     48     0.00000
1993     49     0.00000
1993     50     0.00000
1993     51     0.00000
1993     52     0.00000
1993     53     0.00000
1993     54     0.00000
1993     55+    0.00000
1994     12-    0.00000
1994     13     0.00000
1994     14     0.00050
1994     15     0.00260
1994     16     0.01115
1994     17     0.03235
1994     18     0.05742
1994     19     0.09856
1994     20     0.11141
1994     21     0.11876
1994     22     0.11474
1994     23     0.11160
1994     24     0.10924
1994     25     0.09511
1994     26     0.08706
1994     27     0.07696
1994     28     0.06035
1994     29     0.05809
1994     30     0.04714
1994     31     0.04397
1994     32     0.03411
1994     33     0.02793
1994     34     0.02743
1994     35     0.02064
1994     36     0.01682
1994     37     0.01506
1994     38     0.01078
1994     39     0.00834
1994     40     0.00501
1994     41     0.00445
1994     42     0.00229
1994     43     0.00167
1994     44     0.00094
1994     45     0.00036
1994     46     0.00010
1994     47     0.00010
1994     48     0.00000
1994     49     0.00000
1994     50     0.00000
1994     51     0.00000
1994     52     0.00000
1994     53     0.00000
1994     54     0.00000
1994     55+    0.00000
1995     12-    0.00000
1995     13     0.00000
1995     14     0.00049
1995     15     0.00415
1995     16     0.01245
1995     17     0.02604
1995     18     0.05911
1995     19     0.08715
1995     20     0.10204
1995     21     0.11471
1995     22     0.10804
1995     23     0.10440
1995     24     0.10141
1995     25     0.09469
1995     26     0.08386
1995     27     0.08022
1995     28     0.06836
1995     29     0.05424
1995     30     0.05409
1995     31     0.04143
1995     32     0.03364
1995     33     0.03054
1995     34     0.02392
1995     35     0.02013
1995     36     0.01858
1995     37     0.01489
1995     38     0.01104
1995     39     0.00733
1995     40     0.00661
1995     41     0.00473
1995     42     0.00142
1995     43     0.00158
1995     44     0.00047
1995     45     0.00048
1995     46     0.00018
1995     47     0.00000
1995     48     0.00000
1995     49     0.00000
1995     50     0.00000
1995     51     0.00000
1995     52     0.00000
1995     53     0.00000
1995     54     0.00000
1995     55+    0.00000
1996     12-    0.00000
1996     13     0.00000
1996     14     0.00039
1996     15     0.00318
1996     16     0.01057
1996     17     0.03097
1996     18     0.04999
1996     19     0.08400
1996     20     0.09949
1996     21     0.10431
1996     22     0.10713
1996     23     0.09941
1996     24     0.09414
1996     25     0.09749
1996     26     0.08734
1996     27     0.07745
1996     28     0.06716
1996     29     0.06279
1996     30     0.04822
1996     31     0.04887
1996     32     0.04008
1996     33     0.03061
1996     34     0.02551
1996     35     0.02336
1996     36     0.01910
1996     37     0.01440
1996     38     0.01222
1996     39     0.00796
1996     40     0.00643
1996     41     0.00462
1996     42     0.00249
1996     43     0.00201
1996     44     0.00085
1996     45     0.00019
1996     46     0.00010
1996     47     0.00018
1996     48     0.00000
1996     49     0.00010
1996     50     0.00000
1996     51     0.00000
1996     52     0.00000
1996     53     0.00000
1996     54     0.00000
1996     55+    0.00000
1997     12-    0.00000
1997     13     0.00019
1997     14     0.00047
1997     15     0.00314
1997     16     0.00954
1997     17     0.02899
1997     18     0.04691
1997     19     0.06807
1997     20     0.08335
1997     21     0.09488
1997     22     0.09354
1997     23     0.08937
1997     24     0.09430
1997     25     0.09374
1997     26     0.08702
1997     27     0.07988
1997     28     0.07458
1997     29     0.06015
1997     30     0.05373
1997     31     0.04780
1997     32     0.03719
1997     33     0.03126
1997     34     0.02914
1997     35     0.02560
1997     36     0.01846
1997     37     0.01498
1997     38     0.01139
1997     39     0.00844
1997     40     0.00689
1997     41     0.00631
1997     42     0.00329
1997     43     0.00193
1997     44     0.00126
1997     45     0.00029
1997     46     0.00000
1997     47     0.00000
1997     48     0.00000
1997     49     0.00000
1997     50     0.00000
1997     51     0.00000
1997     52     0.00000
1997     53     0.00000
1997     54     0.00000
1997     55+    0.00000
1998     12-    0.00000
1998     13     0.00000
1998     14     0.00009
1998     15     0.00209
1998     16     0.00869
1998     17     0.02322
1998     18     0.04095
1998     19     0.06472
1998     20     0.08762
1998     21     0.08958
1998     22     0.08911
1998     23     0.09003
1998     24     0.08831
1998     25     0.08551
1998     26     0.08604
1998     27     0.07553
1998     28     0.06541
1998     29     0.06732
1998     30     0.05703
1998     31     0.04789
1998     32     0.03850
1998     33     0.03622
1998     34     0.02834
1998     35     0.02426
1998     36     0.02026
1998     37     0.01587
1998     38     0.01125
1998     39     0.01035
1998     40     0.00582
1998     41     0.00530
1998     42     0.00262
1998     43     0.00221
1998     44     0.00117
1998     45     0.00058
1998     46     0.00000
1998     47     0.00010
1998     48     0.00010
1998     49     0.00000
1998     50     0.00000
1998     51     0.00000
1998     52     0.00000
1998     53     0.00000
1998     54     0.00000
1998     55+    0.00000
1999     12-    0.00000
1999     13     0.00010
1999     14     0.00019
1999     15     0.00135
1999     16     0.00899
1999     17     0.02181
1999     18     0.03787
1999     19     0.06644
1999     20     0.08456
1999     21     0.08193
1999     22     0.08821
1999     23     0.09847
1999     24     0.09539
1999     25     0.08813
1999     26     0.08317
1999     27     0.07222
1999     28     0.07510
1999     29     0.06284
1999     30     0.05650
1999     31     0.05311
1999     32     0.04287
1999     33     0.03462
1999     34     0.03250
1999     35     0.02482
1999     36     0.02267
1999     37     0.01505
1999     38     0.01430
1999     39     0.01131
1999     40     0.00673
1999     41     0.00595
1999     42     0.00349
1999     43     0.00206
1999     44     0.00111
1999     45     0.00059
1999     46     0.00020
1999     47     0.00000
1999     48     0.00000
1999     49     0.00000
1999     50     0.00000
1999     51     0.00000
1999     52     0.00000
1999     53     0.00000
1999     54     0.00000
1999     55+    0.00000
2000     12-    0.00000
2000     13     0.00010
2000     14     0.00031
2000     15     0.00230
2000     16     0.00959
2000     17     0.02248
2000     18     0.03834
2000     19     0.06078
2000     20     0.07690
2000     21     0.08140
2000     22     0.08364
2000     23     0.08959
2000     24     0.09216
2000     25     0.08894
2000     26     0.08589
2000     27     0.08642
2000     28     0.08016
2000     29     0.07153
2000     30     0.06450
2000     31     0.06290
2000     32     0.05083
2000     33     0.04425
2000     34     0.03957
2000     35     0.03006
2000     36     0.02393
2000     37     0.01779
2000     38     0.01686
2000     39     0.01033
2000     40     0.00982
2000     41     0.00554
2000     42     0.00424
2000     43     0.00262
2000     44     0.00141
2000     45     0.00028
2000     46     0.00020
2000     47     0.00029
2000     48     0.00010
2000     49     0.00000
2000     50     0.00000
2000     51     0.00000
2000     52     0.00000
2000     53     0.00000
2000     54     0.00000
2000     55+    0.00000
2001     12-    0.00000
2001     13     0.00010
2001     14     0.00020
2001     15     0.00195
2001     16     0.00872
2001     17     0.01828
2001     18     0.03812
2001     19     0.05739
2001     20     0.06670
2001     21     0.07772
2001     22     0.08469
2001     23     0.08364
2001     24     0.08692
2001     25     0.08683
2001     26     0.08795
2001     27     0.07914
2001     28     0.08041
2001     29     0.06896
2001     30     0.06491
2001     31     0.06019
2001     32     0.04908
2001     33     0.04405
2001     34     0.03940
2001     35     0.03339
2001     36     0.02882
2001     37     0.02111
2001     38     0.01504
2001     39     0.01115
2001     40     0.00838
2001     41     0.00565
2001     42     0.00358
2001     43     0.00223
2001     44     0.00088
2001     45     0.00038
2001     46     0.00028
2001     47     0.00010
2001     48     0.00000
2001     49     0.00000
2001     50     0.00000
2001     51     0.00000
2001     52     0.00000
2001     53     0.00000
2001     54     0.00000
2001     55+    0.00000
2002     12-    0.00000
2002     13     0.00000
2002     14     0.00019
2002     15     0.00221
2002     16     0.00772
2002     17     0.01973
2002     18     0.03169
2002     19     0.05303
2002     20     0.07002
2002     21     0.06841
2002     22     0.07833
2002     23     0.08164
2002     24     0.08583
2002     25     0.08732
2002     26     0.09208
2002     27     0.08928
2002     28     0.08686
2002     29     0.07645
2002     30     0.07076
2002     31     0.05983
2002     32     0.05810
2002     33     0.05013
2002     34     0.04321
2002     35     0.03814
2002     36     0.02800
2002     37     0.02260
2002     38     0.01850
2002     39     0.01420
2002     40     0.01071
2002     41     0.00616
2002     42     0.00407
2002     43     0.00161
2002     44     0.00146
2002     45     0.00029
2002     46     0.00009
2002     47     0.00009
2002     48     0.00000
2002     49     0.00000
2002     50     0.00010
2002     51     0.00000
2002     52     0.00000
2002     53     0.00000
2002     54     0.00000
2002     55+    0.00000
2003     12-    0.00000
2003     13     0.00000
2003     14     0.00040
2003     15     0.00127
2003     16     0.00765
2003     17     0.01910
2003     18     0.03091
2003     19     0.05140
2003     20     0.06334
2003     21     0.07430
2003     22     0.07515
2003     23     0.07819
2003     24     0.08806
2003     25     0.08986
2003     26     0.08751
2003     27     0.09020
2003     28     0.08238
2003     29     0.08478
2003     30     0.07143
2003     31     0.06368
2003     32     0.06217
2003     33     0.04970
2003     34     0.04210
2003     35     0.03734
2003     36     0.03353
2003     37     0.02657
2003     38     0.01793
2003     39     0.01386
2003     40     0.00966
2003     41     0.00616
2003     42     0.00372
2003     43     0.00181
2003     44     0.00162
2003     45     0.00108
2003     46     0.00030
2003     47     0.00000
2003     48     0.00000
2003     49     0.00000
2003     50     0.00000
2003     51     0.00000
2003     52     0.00000
2003     53     0.00000
2003     54     0.00000
2003     55+    0.00000
2004     12-    0.00000
2004     13     0.00011
2004     14     0.00020
2004     15     0.00198
2004     16     0.00893
2004     17     0.01798
2004     18     0.03452
2004     19     0.05085
2004     20     0.06385
2004     21     0.07008
2004     22     0.07847
2004     23     0.09053
2004     24     0.08837
2004     25     0.10063
2004     26     0.09570
2004     27     0.09171
2004     28     0.09074
2004     29     0.09156
2004     30     0.08343
2004     31     0.06948
2004     32     0.06298
2004     33     0.05770
2004     34     0.04948
2004     35     0.04369
2004     36     0.03692
2004     37     0.02828
2004     38     0.02159
2004     39     0.01621
2004     40     0.01099
2004     41     0.00848
2004     42     0.00368
2004     43     0.00220
2004     44     0.00086
2004     45     0.00048
2004     46     0.00030
2004     47     0.00020
2004     48     0.00010
2004     49     0.00000
2004     50     0.00000
2004     51     0.00000
2004     52     0.00000
2004     53     0.00000
2004     54     0.00000
2004     55+    0.00000
2005     12-    0.00000
2005     13     0.00012
2005     14     0.00023
2005     15     0.00225
2005     16     0.00737
2005     17     0.02019
2005     18     0.03257
2005     19     0.05116
2005     20     0.05861
2005     21     0.06602
2005     22     0.07817
2005     23     0.08014
2005     24     0.08913
2005     25     0.09601
2005     26     0.09830
2005     27     0.10351
2005     28     0.10266
2005     29     0.08938
2005     30     0.08256
2005     31     0.08091
2005     32     0.07195
2005     33     0.05956
2005     34     0.05515
2005     35     0.04770
2005     36     0.04302
2005     37     0.02798
2005     38     0.02497
2005     39     0.01867
2005     40     0.01191
2005     41     0.00755
2005     42     0.00593
2005     43     0.00253
2005     44     0.00164
2005     45     0.00087
2005     46     0.00019
2005     47     0.00000
2005     48     0.00000
2005     49     0.00000
2005     50     0.00000
2005     51     0.00000
2005     52     0.00000
2005     53     0.00000
2005     54     0.00000
2005     55+    0.00000
2006     12-    0.00000
2006     13     0.00000
2006     14     0.00037
2006     15     0.00251
2006     16     0.00657
2006     17     0.02071
2006     18     0.03377
2006     19     0.04829
2006     20     0.05840
2006     21     0.06469
2006     22     0.07729
2006     23     0.08213
2006     24     0.08715
2006     25     0.10822
2006     26     0.10714
2006     27     0.09938
2006     28     0.10955
2006     29     0.09774
2006     30     0.09011
2006     31     0.08101
2006     32     0.07468
2006     33     0.06765
2006     34     0.05781
2006     35     0.04952
2006     36     0.04060
2006     37     0.03600
2006     38     0.02416
2006     39     0.02401
2006     40     0.01371
2006     41     0.00864
2006     42     0.00546
2006     43     0.00346
2006     44     0.00236
2006     45     0.00087
2006     46     0.00019
2006     47     0.00010
2006     48     0.00000
2006     49     0.00000
2006     50     0.00029
2006     51     0.00000
2006     52     0.00000
2006     53     0.00000
2006     54     0.00000
2006     55+    0.00000
2007     12-    0.00000
2007     13     0.00015
2007     14     0.00053
2007     15     0.00272
2007     16     0.01018
2007     17     0.02174
2007     18     0.03295
2007     19     0.05141
2007     20     0.06130
2007     21     0.06994
2007     22     0.07243
2007     23     0.08243
2007     24     0.09903
2007     25     0.10076
2007     26     0.11169
2007     27     0.11528
2007     28     0.10544
2007     29     0.10544
2007     30     0.09838
2007     31     0.08786
2007     32     0.08037
2007     33     0.07481
2007     34     0.06524
2007     35     0.05692
2007     36     0.04734
2007     37     0.03845
2007     38     0.02829
2007     39     0.02511
2007     40     0.01622
2007     41     0.01163
2007     42     0.00641
2007     43     0.00345
2007     44     0.00211
2007     45     0.00079
2007     46     0.00029
2007     47     0.00010
2007     48     0.00000
2007     49     0.00010
2007     50     0.00000
2007     51     0.00000
2007     52     0.00000
2007     53     0.00000
2007     54     0.00000
2007     55+    0.00000
2008     12-    0.00000
2008     13     0.00000
2008     14     0.00030
2008     15     0.00321
2008     16     0.00844
2008     17     0.02087
2008     18     0.03193
2008     19     0.04628
2008     20     0.05806
2008     21     0.06577
2008     22     0.07171
2008     23     0.08014
2008     24     0.09163
2008     25     0.11309
2008     26     0.11301
2008     27     0.11019
2008     28     0.10946
2008     29     0.10470
2008     30     0.10398
2008     31     0.09655
2008     32     0.08831
2008     33     0.07333
2008     34     0.07263
2008     35     0.05783
2008     36     0.05113
2008     37     0.03942
2008     38     0.03435
2008     39     0.02830
2008     40     0.01873
2008     41     0.01180
2008     42     0.00688
2008     43     0.00415
2008     44     0.00228
2008     45     0.00106
2008     46     0.00060
2008     47     0.00020
2008     48     0.00049
2008     49     0.00000
2008     50     0.00010
2008     51     0.00000
2008     52     0.00000
2008     53     0.00000
2008     54     0.00000
2008     55+    0.00000
2009     12-    0.00000
2009     13     0.00016
2009     14     0.00031
2009     15     0.00167
2009     16     0.00777
2009     17     0.01602
2009     18     0.02563
2009     19     0.04445
2009     20     0.05645
2009     21     0.05820
2009     22     0.06666
2009     23     0.07408
2009     24     0.08654
2009     25     0.10632
2009     26     0.11108
2009     27     0.11326
2009     28     0.12052
2009     29     0.10920
2009     30     0.10166
2009     31     0.09601
2009     32     0.08544
2009     33     0.07672
2009     34     0.06696
2009     35     0.06322
2009     36     0.05315
2009     37     0.04257
2009     38     0.03719
2009     39     0.02975
2009     40     0.02039
2009     41     0.01314
2009     42     0.00849
2009     43     0.00415
2009     44     0.00165
2009     45     0.00120
2009     46     0.00021
2009     47     0.00010
2009     48     0.00010
2009     49     0.00010
2009     50     0.00000
2009     51     0.00000
2009     52     0.00000
2009     53     0.00000
2009     54     0.00000
2009     55+    0.00000
2010     12-    0.00000
2010     13     0.00000
2010     14     0.00000
2010     15     0.00236
2010     16     0.00716
2010     17     0.01476
2010     18     0.02304
2010     19     0.03385
2010     20     0.04496
2010     21     0.05321
2010     22     0.06045
2010     23     0.07380
2010     24     0.09460
2010     25     0.10343
2010     26     0.11315
2010     27     0.11352
2010     28     0.12195
2010     29     0.11039
2010     30     0.10729
2010     31     0.10325
2010     32     0.09689
2010     33     0.08421
2010     34     0.07002
2010     35     0.06589
2010     36     0.05955
2010     37     0.04407
2010     38     0.03388
2010     39     0.03166
2010     40     0.02206
2010     41     0.01492
2010     42     0.00874
2010     43     0.00350
2010     44     0.00278
2010     45     0.00077
2010     46     0.00022
2010     47     0.00011
2010     48     0.00010
2010     49     0.00000
2010     50     0.00000
2010     51     0.00000
2010     52     0.00000
2010     53     0.00000
2010     54     0.00000
2010     55+    0.00000
2011     12-    0.00000
2011     13     0.00000
2011     14     0.00017
2011     15     0.00163
2011     16     0.00616
2011     17     0.01712
2011     18     0.02032
2011     19     0.03101
2011     20     0.04301
2011     21     0.04585
2011     22     0.05792
2011     23     0.06447
2011     24     0.07926
2011     25     0.08933
2011     26     0.09052
2011     27     0.10763
2011     28     0.10649
2011     29     0.11190
2011     30     0.10980
2011     31     0.10165
2011     32     0.08605
2011     33     0.08499
2011     34     0.07476
2011     35     0.06412
2011     36     0.05502
2011     37     0.04468
2011     38     0.03755
2011     39     0.03003
2011     40     0.02191
2011     41     0.01247
2011     42     0.00822
2011     43     0.00451
2011     44     0.00293
2011     45     0.00163
2011     46     0.00022
2011     47     0.00000
2011     48     0.00000
2011     49     0.00000
2011     50     0.00000
2011     51     0.00000
2011     52     0.00000
2011     53     0.00000
2011     54     0.00000
2011     55+    0.00000
2012     12-    0.00000
2012     13     0.00000
2012     14     0.00018
2012     15     0.00119
2012     16     0.00489
2012     17     0.01333
2012     18     0.02283
2012     19     0.03014
2012     20     0.04174
2012     21     0.04522
2012     22     0.05248
2012     23     0.06631
2012     24     0.07348
2012     25     0.08584
2012     26     0.09136
2012     27     0.10679
2012     28     0.10488
2012     29     0.10074
2012     30     0.10219
2012     31     0.09275
2012     32     0.08528
2012     33     0.07862
2012     34     0.06964
2012     35     0.06223
2012     36     0.05413
2012     37     0.04568
2012     38     0.03797
2012     39     0.03142
2012     40     0.02079
2012     41     0.01632
2012     42     0.00975
2012     43     0.00570
2012     44     0.00302
2012     45     0.00142
2012     46     0.00035
2012     47     0.00022
2012     48     0.00033
2012     49     0.00022
2012     50     0.00000
2012     51     0.00000
2012     52     0.00000
2012     53     0.00000
2012     54     0.00000
2012     55+    0.00000
2013     12-    0.00000
2013     13     0.00000
2013     14     0.00018
2013     15     0.00180
2013     16     0.00666
2013     17     0.01470
2013     18     0.02332
2013     19     0.03242
2013     20     0.04137
2013     21     0.04438
2013     22     0.05176
2013     23     0.06370
2013     24     0.06853
2013     25     0.07989
2013     26     0.09088
2013     27     0.10040
2013     28     0.09982
2013     29     0.09861
2013     30     0.09794
2013     31     0.08552
2013     32     0.08346
2013     33     0.07263
2013     34     0.07135
2013     35     0.06724
2013     36     0.05680
2013     37     0.04890
2013     38     0.03721
2013     39     0.02996
2013     40     0.02120
2013     41     0.01304
2013     42     0.00907
2013     43     0.00377
2013     44     0.00225
2013     45     0.00117
2013     46     0.00071
2013     47     0.00012
2013     48     0.00011
2013     49     0.00011
2013     50     0.00000
2013     51     0.00000
2013     52     0.00000
2013     53     0.00000
2013     54     0.00000
2013     55+    0.00000
2014     12-    0.00000
2014     13     0.00000
2014     14     0.00017
2014     15     0.00178
2014     16     0.00705
2014     17     0.01111
2014     18     0.02236
2014     19     0.03306
2014     20     0.04125
2014     21     0.04388
2014     22     0.05128
2014     23     0.06131
2014     24     0.06785
2014     25     0.08522
2014     26     0.09273
2014     27     0.09792
2014     28     0.10145
2014     29     0.10026
2014     30     0.10025
2014     31     0.09474
2014     32     0.08274
2014     33     0.07504
2014     34     0.06938
2014     35     0.06403
2014     36     0.06037
2014     37     0.04627
2014     38     0.03573
2014     39     0.03116
2014     40     0.02373
2014     41     0.01625
2014     42     0.00920
2014     43     0.00499
2014     44     0.00292
2014     45     0.00192
2014     46     0.00059
2014     47     0.00024
2014     48     0.00000
2014     49     0.00000
2014     50     0.00000
2014     51     0.00000
2014     52     0.00000
2014     53     0.00000
2014     54     0.00000
2014     55+    0.00000
2015     12-    0.00000
2015     13     0.00000
2015     14     0.00034
2015     15     0.00154
2015     16     0.00409
2015     17     0.01169
2015     18     0.01885
2015     19     0.02567
2015     20     0.03966
2015     21     0.04677
2015     22     0.05156
2015     23     0.05961
2015     24     0.06594
2015     25     0.08052
2015     26     0.09536
2015     27     0.10525
2015     28     0.10645
2015     29     0.10552
2015     30     0.10593
2015     31     0.09702
2015     32     0.08824
2015     33     0.07675
2015     34     0.07582
2015     35     0.06656
2015     36     0.06091
2015     37     0.05380
2015     38     0.04157
2015     39     0.03047
2015     40     0.02766
2015     41     0.01700
2015     42     0.01078
2015     43     0.00587
2015     44     0.00359
2015     45     0.00195
2015     46     0.00034
2015     47     0.00012
2015     48     0.00048
2015     49     0.00000
2015     50     0.00011
2015     51     0.00000
2015     52     0.00000
2015     53     0.00000
2015     54     0.00000
2015     55+    0.00000
2016     12-    0.00000
2016     13     0.00000
2016     14     0.00084
2016     15     0.00051
2016     16     0.00393
2016     17     0.00882
2016     18     0.01625
2016     19     0.02326
2016     20     0.03833
2016     21     0.03895
2016     22     0.04602
2016     23     0.05057
2016     24     0.06278
2016     25     0.08197
2016     26     0.09532
2016     27     0.10052
2016     28     0.10919
2016     29     0.11564
2016     30     0.11086
2016     31     0.10148
2016     32     0.09527
2016     33     0.09040
2016     34     0.07809
2016     35     0.07098
2016     36     0.06566
2016     37     0.05092
2016     38     0.04221
2016     39     0.03290
2016     40     0.02853
2016     41     0.01913
2016     42     0.01139
2016     43     0.00777
2016     44     0.00316
2016     45     0.00174
2016     46     0.00076
2016     47     0.00000
2016     48     0.00000
2016     49     0.00000
2016     50     0.00036
2016     51     0.00000
2016     52     0.00011
2016     53     0.00000
2016     54     0.00000
2016     55+    0.00000
2017     12-    0.00000
2017     13     0.00000
2017     14     0.00016
2017     15     0.00101
2017     16     0.00341
2017     17     0.00816
2017     18     0.01320
2017     19     0.02559
2017     20     0.03009
2017     21     0.03715
2017     22     0.04274
2017     23     0.05771
2017     24     0.06753
2017     25     0.07318
2017     26     0.08974
2017     27     0.10011
2017     28     0.11157
2017     29     0.11013
2017     30     0.10086
2017     31     0.10470
2017     32     0.09689
2017     33     0.08860
2017     34     0.08456
2017     35     0.06781
2017     36     0.06581
2017     37     0.05557
2017     38     0.04206
2017     39     0.03447
2017     40     0.02766
2017     41     0.02091
2017     42     0.01352
2017     43     0.00711
2017     44     0.00417
2017     45     0.00229
2017     46     0.00087
2017     47     0.00076
2017     48     0.00023
2017     49     0.00012
2017     50     0.00000
2017     51     0.00000
2017     52     0.00000
2017     53     0.00000
2017     54     0.00000
2017     55+    0.00021
2018     12-    0.00000
2018     13     0.00000
2018     14     0.00031
2018     15     0.00082
2018     16     0.00285
2018     17     0.00664
2018     18     0.01273
2018     19     0.02573
2018     20     0.03197
2018     21     0.03776
2018     22     0.04349
2018     23     0.05287
2018     24     0.06562
2018     25     0.07860
2018     26     0.09178
2018     27     0.10488
2018     28     0.11206
2018     29     0.11604
2018     30     0.11602
2018     31     0.11198
2018     32     0.10343
2018     33     0.10111
2018     34     0.08355
2018     35     0.07746
2018     36     0.06516
2018     37     0.06116
2018     38     0.04694
2018     39     0.03507
2018     40     0.03041
2018     41     0.02357
2018     42     0.01427
2018     43     0.00799
2018     44     0.00384
2018     45     0.00214
2018     46     0.00131
2018     47     0.00022
2018     48     0.00044
2018     49     0.00011
2018     50     0.00036
2018     51     0.00000
2018     52     0.00000
2018     53     0.00000
2018     54     0.00000
2018     55+    0.00000
2019     12-    0.00000
2019     13     0.00015
2019     14     0.00015
2019     15     0.00094
2019     16     0.00360
2019     17     0.00502
2019     18     0.01309
2019     19     0.02077
2019     20     0.02790
2019     21     0.03411
2019     22     0.04516
2019     23     0.05426
2019     24     0.06861
2019     25     0.07713
2019     26     0.09056
2019     27     0.10663
2019     28     0.11506
2019     29     0.11569
2019     30     0.11463
2019     31     0.10929
2019     32     0.09714
2019     33     0.09604
2019     34     0.08879
2019     35     0.07688
2019     36     0.06726
2019     37     0.06052
2019     38     0.04923
2019     39     0.03781
2019     40     0.02981
2019     41     0.02337
2019     42     0.01323
2019     43     0.00763
2019     44     0.00506
2019     45     0.00293
2019     46     0.00124
2019     47     0.00087
2019     48     0.00022
2019     49     0.00011
2019     50     0.00034
2019     51     0.00012
2019     52     0.00000
2019     53     0.00000
2019     54     0.00000
2019     55+    0.00000
