Estonia, Life tables (period 1x1), Total	Last modified: 26 Sep 2025;  Methods Protocol: v6 (2017)

  Year          Age         mx       qx    ax      lx      dx      Lx       Tx     ex
  2023           0      0.00168  0.00167  0.15  100000     167   99857  7896042  78.96
  2023           1      0.00015  0.00015  0.50   99833      15   99825  7796185  78.09
  2023           2      0.00029  0.00029  0.50   99817      29   99803  7696360  77.10
  2023           3      0.00021  0.00021  0.50   99789      21   99778  7596557  76.13
  2023           4      0.00013  0.00013  0.50   99768      13   99761  7496779  75.14
  2023           5      0.00020  0.00020  0.50   99755      20   99745  7397018  74.15
  2023           6      0.00007  0.00007  0.50   99735       7   99732  7297273  73.17
  2023           7      0.00013  0.00013  0.50   99728      13   99722  7197542  72.17
  2023           8      0.00020  0.00020  0.50   99715      20   99705  7097820  71.18
  2023           9      0.00034  0.00034  0.50   99695      34   99679  6998115  70.20
  2023          10      0.00020  0.00020  0.50   99662      20   99652  6898436  69.22
  2023          11      0.00007  0.00007  0.50   99642       7   99639  6798784  68.23
  2023          12      0.00019  0.00019  0.50   99635      19   99626  6699145  67.24
  2023          13      0.00012  0.00012  0.50   99617      12   99611  6599519  66.25
  2023          14      0.00006  0.00006  0.50   99605       6   99602  6499909  65.26
  2023          15      0.00018  0.00018  0.50   99598      18   99589  6400307  64.26
  2023          16      0.00033  0.00033  0.50   99580      32   99564  6300718  63.27
  2023          17      0.00041  0.00041  0.50   99548      41   99527  6201154  62.29
  2023          18      0.00056  0.00056  0.50   99507      56   99479  6101626  61.32
  2023          19      0.00044  0.00044  0.50   99452      44   99430  6002147  60.35
  2023          20      0.00054  0.00054  0.50   99408      53   99381  5902717  59.38
  2023          21      0.00031  0.00031  0.50   99354      30   99339  5803336  58.41
  2023          22      0.00060  0.00060  0.50   99324      60   99294  5703997  57.43
  2023          23      0.00045  0.00045  0.50   99264      45   99242  5604703  56.46
  2023          24      0.00078  0.00078  0.50   99219      77   99180  5505461  55.49
  2023          25      0.00031  0.00031  0.50   99142      31   99126  5406281  54.53
  2023          26      0.00066  0.00066  0.50   99111      65   99078  5307155  53.55
  2023          27      0.00099  0.00099  0.50   99045      98   98996  5208077  52.58
  2023          28      0.00083  0.00083  0.50   98947      82   98906  5109080  51.63
  2023          29      0.00033  0.00033  0.50   98865      33   98849  5010174  50.68
  2023          30      0.00065  0.00065  0.50   98832      64   98800  4911325  49.69
  2023          31      0.00077  0.00077  0.50   98768      76   98730  4812525  48.73
  2023          32      0.00107  0.00107  0.50   98692     106   98639  4713795  47.76
  2023          33      0.00111  0.00111  0.50   98587     110   98532  4615155  46.81
  2023          34      0.00137  0.00137  0.50   98477     134   98410  4516623  45.86
  2023          35      0.00126  0.00126  0.50   98342     124   98281  4418214  44.93
  2023          36      0.00129  0.00129  0.50   98219     127   98155  4319933  43.98
  2023          37      0.00143  0.00143  0.50   98092     140   98022  4221778  43.04
  2023          38      0.00157  0.00157  0.50   97952     154   97875  4123756  42.10
  2023          39      0.00159  0.00159  0.50   97798     155   97721  4025881  41.17
  2023          40      0.00221  0.00221  0.50   97643     216   97535  3928160  40.23
  2023          41      0.00224  0.00223  0.50   97427     218   97319  3830625  39.32
  2023          42      0.00257  0.00257  0.50   97210     250   97085  3733306  38.40
  2023          43      0.00268  0.00268  0.50   96960     259   96830  3636222  37.50
  2023          44      0.00234  0.00234  0.50   96700     226   96587  3539392  36.60
  2023          45      0.00260  0.00260  0.50   96474     250   96349  3442804  35.69
  2023          46      0.00276  0.00275  0.50   96224     265   96091  3346455  34.78
  2023          47      0.00335  0.00335  0.50   95959     321   95798  3250364  33.87
  2023          48      0.00322  0.00321  0.50   95638     307   95484  3154565  32.98
  2023          49      0.00350  0.00349  0.50   95331     333   95164  3059081  32.09
  2023          50      0.00425  0.00424  0.50   94998     403   94796  2963917  31.20
  2023          51      0.00431  0.00430  0.50   94595     407   94391  2869121  30.33
  2023          52      0.00533  0.00532  0.50   94188     501   93938  2774730  29.46
  2023          53      0.00487  0.00485  0.50   93687     455   93460  2680792  28.61
  2023          54      0.00640  0.00638  0.50   93232     595   92935  2587332  27.75
  2023          55      0.00571  0.00570  0.50   92638     528   92374  2494397  26.93
  2023          56      0.00685  0.00682  0.50   92110     629   91795  2402024  26.08
  2023          57      0.00770  0.00767  0.50   91481     702   91130  2310228  25.25
  2023          58      0.00703  0.00701  0.50   90779     636   90461  2219098  24.44
  2023          59      0.00880  0.00876  0.50   90143     790   89749  2128637  23.61
  2023          60      0.01085  0.01079  0.50   89354     964   88872  2038888  22.82
  2023          61      0.00996  0.00991  0.50   88390     876   87951  1950016  22.06
  2023          62      0.01046  0.01040  0.50   87513     910   87058  1862065  21.28
  2023          63      0.01289  0.01281  0.50   86603    1109   86049  1775007  20.50
  2023          64      0.01328  0.01319  0.50   85494    1128   84930  1688958  19.76
  2023          65      0.01535  0.01523  0.50   84366    1285   83724  1604028  19.01
  2023          66      0.01559  0.01547  0.50   83081    1285   82439  1520304  18.30
  2023          67      0.01621  0.01608  0.50   81796    1315   81139  1437866  17.58
  2023          68      0.01746  0.01731  0.50   80481    1393   79785  1356727  16.86
  2023          69      0.01843  0.01826  0.50   79088    1444   78366  1276942  16.15
  2023          70      0.02116  0.02093  0.50   77644    1625   76831  1198577  15.44
  2023          71      0.02179  0.02155  0.50   76018    1639   75199  1121746  14.76
  2023          72      0.02508  0.02477  0.50   74380    1842   73459  1046547  14.07
  2023          73      0.02522  0.02491  0.50   72538    1807   71634   973088  13.41
  2023          74      0.03061  0.03015  0.50   70731    2132   69665   901454  12.74
  2023          75      0.02761  0.02723  0.50   68599    1868   67664   831789  12.13
  2023          76      0.03260  0.03208  0.50   66730    2141   65660   764125  11.45
  2023          77      0.03905  0.03830  0.50   64590    2474   63353   698465  10.81
  2023          78      0.04452  0.04355  0.50   62116    2705   60763   635112  10.22
  2023          79      0.04703  0.04595  0.50   59410    2730   58045   574349   9.67
  2023          80      0.04574  0.04471  0.50   56680    2534   55413   516304   9.11
  2023          81      0.05752  0.05591  0.50   54146    3027   52632   460891   8.51
  2023          82      0.05704  0.05545  0.50   51119    2835   49701   408258   7.99
  2023          83      0.07191  0.06941  0.50   48284    3352   46608   358557   7.43
  2023          84      0.07954  0.07649  0.50   44932    3437   43214   311949   6.94
  2023          85      0.08735  0.08370  0.50   41495    3473   39759   268735   6.48
  2023          86      0.09893  0.09427  0.50   38022    3584   36230   228976   6.02
  2023          87      0.11106  0.10521  0.50   34438    3623   32626   192746   5.60
  2023          88      0.11906  0.11237  0.50   30815    3463   29083   160120   5.20
  2023          89      0.12798  0.12028  0.50   27352    3290   25707   131037   4.79
  2023          90      0.14721  0.13712  0.50   24062    3299   22412   105330   4.38
  2023          91      0.19012  0.17362  0.50   20763    3605   18960    82918   3.99
  2023          92      0.19014  0.17363  0.50   17158    2979   15668    63957   3.73
  2023          93      0.22613  0.20316  0.50   14179    2880   12738    48289   3.41
  2023          94      0.25203  0.22383  0.50   11298    2529   10034    35551   3.15
  2023          95      0.27998  0.24560  0.50    8769    2154    7692    25517   2.91
  2023          96      0.30991  0.26833  0.50    6616    1775    5728    17825   2.69
  2023          97      0.34168  0.29182  0.50    4840    1413    4134    12097   2.50
  2023          98      0.37509  0.31586  0.50    3428    1083    2887     7962   2.32
  2023          99      0.40990  0.34018  0.50    2345     798    1946     5076   2.16
  2023         100      0.44580  0.36454  0.50    1547     564    1265     3130   2.02
  2023         101      0.48240  0.38866  0.50     983     382     792     1864   1.90
  2023         102      0.51933  0.41228  0.50     601     248     477     1072   1.78
  2023         103      0.55618  0.43516  0.50     353     154     276      595   1.68
  2023         104      0.59251  0.45710  0.50     200      91     154      318   1.60
  2023         105      0.62796  0.47791  0.50     108      52      82      165   1.52
  2023         106      0.66217  0.49746  0.50      57      28      42       82   1.45
  2023         107      0.69482  0.51567  0.50      28      15      21       40   1.39
  2023         108      0.72568  0.53248  0.50      14       7      10       18   1.34
  2023         109      0.75457  0.54787  0.50       6       4       5        8   1.30
  2023         110+     0.78137  1.00000  1.28       3       3       4        4   1.28
