Estonia, Life tables (period 1x1), Females	Last modified: 21 Jan 2021;  Methods Protocol: v6 (2017)

  Year          Age         mx       qx    ax      lx      dx      Lx       Tx     ex
  2019           0      0.00087  0.00087  0.15  100000      87   99926  8273542  82.74
  2019           1      0.00014  0.00014  0.50   99913      14   99906  8173616  81.81
  2019           2      0.00015  0.00015  0.50   99899      15   99891  8073710  80.82
  2019           3      0.00014  0.00014  0.50   99884      14   99877  7973819  79.83
  2019           4      0.00000  0.00000  0.50   99869       0   99869  7873942  78.84
  2019           5      0.00015  0.00015  0.50   99869      15   99862  7774073  77.84
  2019           6      0.00043  0.00043  0.50   99855      43   99833  7674211  76.85
  2019           7      0.00014  0.00014  0.50   99812      14   99805  7574378  75.89
  2019           8      0.00000  0.00000  0.50   99798       0   99798  7474573  74.90
  2019           9      0.00013  0.00013  0.50   99798      13   99791  7374775  73.90
  2019          10      0.00000  0.00000  0.50   99784       0   99784  7274984  72.91
  2019          11      0.00000  0.00000  0.50   99784       0   99784  7175200  71.91
  2019          12      0.00000  0.00000  0.50   99784       0   99784  7075415  70.91
  2019          13      0.00015  0.00015  0.50   99784      15   99777  6975631  69.91
  2019          14      0.00030  0.00030  0.50   99770      30   99755  6875854  68.92
  2019          15      0.00016  0.00016  0.50   99739      16   99732  6776099  67.94
  2019          16      0.00033  0.00033  0.50   99724      33   99708  6676368  66.95
  2019          17      0.00000  0.00000  0.50   99691       0   99691  6576660  65.97
  2019          18      0.00034  0.00034  0.50   99691      34   99674  6476969  64.97
  2019          19      0.00051  0.00051  0.50   99657      50   99632  6377295  63.99
  2019          20      0.00017  0.00017  0.50   99607      17   99598  6277662  63.02
  2019          21      0.00017  0.00017  0.50   99590      17   99581  6178064  62.04
  2019          22      0.00048  0.00048  0.50   99573      47   99549  6078483  61.05
  2019          23      0.00031  0.00031  0.50   99525      31   99510  5978934  60.07
  2019          24      0.00045  0.00045  0.50   99495      45   99472  5879424  59.09
  2019          25      0.00000  0.00000  0.50   99450       0   99450  5779952  58.12
  2019          26      0.00013  0.00013  0.50   99450      13   99443  5680502  57.12
  2019          27      0.00100  0.00099  0.50   99436      99   99387  5581059  56.13
  2019          28      0.00023  0.00023  0.50   99338      23   99326  5481672  55.18
  2019          29      0.00063  0.00063  0.50   99314      63   99283  5382346  54.19
  2019          30      0.00062  0.00062  0.50   99252      62   99221  5283063  53.23
  2019          31      0.00051  0.00051  0.50   99190      51   99165  5183842  52.26
  2019          32      0.00063  0.00063  0.50   99139      62   99108  5084677  51.29
  2019          33      0.00076  0.00076  0.50   99077      75   99040  4985569  50.32
  2019          34      0.00074  0.00074  0.50   99002      74   98965  4886529  49.36
  2019          35      0.00085  0.00085  0.50   98929      84   98886  4787564  48.39
  2019          36      0.00032  0.00032  0.50   98844      32   98828  4688677  47.44
  2019          37      0.00078  0.00078  0.50   98812      77   98774  4589849  46.45
  2019          38      0.00101  0.00101  0.50   98735     100   98685  4491076  45.49
  2019          39      0.00034  0.00034  0.50   98635      34   98619  4392390  44.53
  2019          40      0.00126  0.00126  0.50   98602     124   98540  4293772  43.55
  2019          41      0.00115  0.00114  0.50   98478     113   98421  4195232  42.60
  2019          42      0.00124  0.00124  0.50   98365     122   98304  4096811  41.65
  2019          43      0.00090  0.00090  0.50   98243      88   98198  3998507  40.70
  2019          44      0.00146  0.00146  0.50   98154     143   98083  3900309  39.74
  2019          45      0.00191  0.00191  0.50   98011     187   97917  3802226  38.79
  2019          46      0.00192  0.00191  0.50   97824     187   97730  3704309  37.87
  2019          47      0.00196  0.00196  0.50   97636     191   97541  3606578  36.94
  2019          48      0.00163  0.00163  0.50   97445     159   97366  3509038  36.01
  2019          49      0.00152  0.00152  0.50   97286     148   97212  3411672  35.07
  2019          50      0.00194  0.00193  0.50   97138     188   97045  3314459  34.12
  2019          51      0.00285  0.00284  0.50   96951     275   96813  3217415  33.19
  2019          52      0.00289  0.00289  0.50   96675     279   96535  3120602  32.28
  2019          53      0.00335  0.00335  0.50   96396     323   96234  3024066  31.37
  2019          54      0.00311  0.00310  0.50   96073     298   95924  2927832  30.48
  2019          55      0.00296  0.00296  0.50   95775     283   95633  2831908  29.57
  2019          56      0.00380  0.00380  0.50   95492     362   95310  2736274  28.65
  2019          57      0.00369  0.00368  0.50   95129     350   94954  2640964  27.76
  2019          58      0.00313  0.00312  0.50   94779     296   94631  2546010  26.86
  2019          59      0.00583  0.00581  0.50   94483     549   94208  2451379  25.95
  2019          60      0.00423  0.00422  0.50   93934     396   93736  2357170  25.09
  2019          61      0.00596  0.00594  0.50   93537     556   93259  2263435  24.20
  2019          62      0.00618  0.00616  0.50   92981     573   92695  2170175  23.34
  2019          63      0.00717  0.00714  0.50   92408     660   92079  2077481  22.48
  2019          64      0.00680  0.00678  0.50   91749     622   91438  1985402  21.64
  2019          65      0.00855  0.00851  0.50   91127     776   90739  1893964  20.78
  2019          66      0.00861  0.00858  0.50   90351     775   89964  1803225  19.96
  2019          67      0.00904  0.00900  0.50   89577     806   89173  1713261  19.13
  2019          68      0.01125  0.01119  0.50   88770     993   88274  1624088  18.30
  2019          69      0.01045  0.01040  0.50   87777     913   87321  1535814  17.50
  2019          70      0.01507  0.01496  0.50   86864    1300   86214  1448493  16.68
  2019          71      0.01278  0.01269  0.50   85565    1086   85022  1362279  15.92
  2019          72      0.01816  0.01799  0.50   84479    1520   83719  1277257  15.12
  2019          73      0.01874  0.01857  0.50   82959    1541   82188  1193538  14.39
  2019          74      0.02071  0.02050  0.50   81418    1669   80584  1111350  13.65
  2019          75      0.02017  0.01997  0.50   79749    1593   78953  1030767  12.93
  2019          76      0.02175  0.02152  0.50   78157    1682   77316   951814  12.18
  2019          77      0.02824  0.02785  0.50   76475    2130   75410   874498  11.44
  2019          78      0.03539  0.03478  0.50   74345    2586   73052   799088  10.75
  2019          79      0.03753  0.03683  0.50   71759    2643   70438   726036  10.12
  2019          80      0.04286  0.04196  0.50   69116    2900   67666   655598   9.49
  2019          81      0.04754  0.04644  0.50   66216    3075   64678   587933   8.88
  2019          82      0.04921  0.04802  0.50   63141    3032   61625   523254   8.29
  2019          83      0.06192  0.06006  0.50   60109    3610   58304   461629   7.68
  2019          84      0.06741  0.06521  0.50   56499    3684   54656   403326   7.14
  2019          85      0.07666  0.07383  0.50   52814    3899   50864   348669   6.60
  2019          86      0.09651  0.09207  0.50   48915    4504   46663   297805   6.09
  2019          87      0.10654  0.10115  0.50   44411    4492   42165   251142   5.65
  2019          88      0.12086  0.11398  0.50   39919    4550   37644   208976   5.23
  2019          89      0.13909  0.13004  0.50   35369    4600   33070   171332   4.84
  2019          90      0.13543  0.12684  0.50   30770    3903   28818   138263   4.49
  2019          91      0.18444  0.16887  0.50   26867    4537   24598   109444   4.07
  2019          92      0.19331  0.17627  0.50   22330    3936   20362    84846   3.80
  2019          93      0.21685  0.19564  0.50   18394    3598   16595    64484   3.51
  2019          94      0.24239  0.21619  0.50   14795    3199   13196    47889   3.24
  2019          95      0.26990  0.23781  0.50   11597    2758   10218    34693   2.99
  2019          96      0.29930  0.26034  0.50    8839    2301    7688    24476   2.77
  2019          97      0.33046  0.28360  0.50    6538    1854    5611    16787   2.57
  2019          98      0.36317  0.30736  0.50    4684    1440    3964    11176   2.39
  2019          99      0.39721  0.33139  0.50    3244    1075    2707     7212   2.22
  2019         100      0.43226  0.35544  0.50    2169     771    1784     4506   2.08
  2019         101      0.46801  0.37926  0.50    1398     530    1133     2722   1.95
  2019         102      0.50410  0.40262  0.50     868     349     693     1589   1.83
  2019         103      0.54013  0.42528  0.50     518     220     408      896   1.73
  2019         104      0.57576  0.44706  0.50     298     133     231      488   1.64
  2019         105      0.61061  0.46779  0.50     165      77     126      257   1.56
  2019         106      0.64437  0.48735  0.50      88      43      66      130   1.49
  2019         107      0.67675  0.50565  0.50      45      23      34       64   1.43
  2019         108      0.70753  0.52264  0.50      22      12      16       31   1.38
  2019         109      0.73651  0.53828  0.50      11       6       8       14   1.34
  2019         110+     0.76358  1.00000  1.31       5       5       6        6   1.31